Compilation Results:
********************

Test Input = 5 5 5
Matrix A:
8.97 1.41 2.51 9.99 1.10 
4.28 1.44 2.73 9.54 5.94 
0.96 4.65 5.44 7.88 7.86 
6.35 4.92 4.60 4.66 0.13 
1.57 0.98 0.30 0.37 0.81 

Matrix B:
3.00 9.12 9.58 7.73 8.80 
5.80 6.70 0.21 8.31 6.69 
4.84 2.59 1.66 7.57 5.66 
7.60 2.05 3.83 6.57 9.94 
5.21 2.92 8.38 3.34 7.58 

Matrix C:
0.00 0.00 0.00 0.00 0.00 
0.00 0.00 0.00 0.00 0.00 
0.00 0.00 0.00 0.00 0.00 
0.00 0.00 0.00 0.00 0.00 
0.00 0.00 0.00 0.00 0.00 

Incorrect.

Test Input = 7 3 9
Matrix A:
8.97 1.41 2.51 
9.99 1.10 4.28 
1.44 2.73 9.54 
5.94 0.96 4.65 
5.44 7.88 7.86 
6.35 4.92 4.60 
4.66 0.13 1.57 

Matrix B:
0.98 0.30 0.37 0.81 3.00 9.12 9.58 7.73 8.80 
5.80 6.70 0.21 8.31 6.69 4.84 2.59 1.66 7.57 
5.66 7.60 2.05 3.83 6.57 9.94 5.21 2.92 8.38 

Matrix C:
0.00 0.00 0.00 0.00 0.00 0.00 0.00 0.00 0.00 
0.00 0.00 0.00 0.00 0.00 0.00 0.00 0.00 0.00 
0.00 0.00 0.00 0.00 0.00 0.00 0.00 0.00 0.00 
0.00 0.00 0.00 0.00 0.00 0.00 0.00 0.00 0.00 
0.00 0.00 0.00 0.00 0.00 0.00 0.00 0.00 0.00 
0.00 0.00 0.00 0.00 0.00 0.00 0.00 0.00 0.00 
0.00 0.00 0.00 0.00 0.00 0.00 0.00 0.00 0.00 

Incorrect.

Grade: 0
******
Late submission: 0
Functionality:
Total: 
